804449
736982
816979
743397
748805
828271
798170
825198
784495
785084
782413
815275
811254
769793
775230
770417
777676
814502
814364
755712
727857
796217
804831
744328
730221
747873
748446
761580
743579
766882
794951
825063
811494
744304
826870
779484
741865
748167
800824
767369
730392
811586
811216
740058
746661
753805
761034
745867
763057
794236
729995
775630
824435
770452
781459
765896
788838
765966
744255
723437
750435
733199
799166
744407
738085
774918
784722
781343
782311
802280
781872
804406
775340
799670
755784
808216
824032
761606
746149
826072
783617
729352
788797
825480
795103
807241
725354
769112
790058
817323
790857
789387
797691
725350
812863
800943
826391
810965
730706
761886
