3
-92 53
73 1
-29 -75
67 -19
-94 59
-39 10
-58 49
18 -61
-90 5
60 73
56 -14
-33 0
17 -43
-37 -67
-81 56
26 60
75 -10
-69 78
1 22
52 98
41 28
65 80
-28 -63
16 -35
27 77
67 93
-75 -56
54 35
16 -66
23 -16
79 -59
22 70
-54 1
-33 -13
-78 63
50 51
77 96
-82 -30
21 -97
-78 27
-20 -33
38 15
-67 48
28 56
82 -96
-72 3
-42 5
-62 80
-2 28
-27 72
95 30
-24 -20
-25 85
77 -36
88 19
17 11
-97 -47
18 -5
-6 38
-74 67
-55 -99
4 -48
27 -67
68 -28
36 34
90 81
-20 89
18 -60
-14 -74
75 -96
19 91
-4 60
25 -37
-93 -54
-37 67
75 -54
-42 95
-53 -57
-63 -80
-95 -73
-18 84
85 -56
17 82
13 -1
41 21
-11 -25
-90 -58
-15 16
-20 49
63 80
68 36
-7 -44
72 -52
-32 -10
-91 -43
50 91
-75 -39
70 26
37 -93
-32 79
-70 -51
-53 25
-100 6
83 -42
-32 5
-82 11
-45 58
87 59
21 -82
82 46
-44 97
-80 -65
-44 -38
63 -50
22 -82
-93 94
-15 73
69 -26
-99 -40
91 88
-26 -89
-14 -89
-12 95
43 71
94 62
34 -63
-83 13
-29 -100
-55 23
58 42
47 68
86 -14
-94 43
-20 -69
-53 -93
-29 -78
-97 46
-66 98
-68 -39
6 -48
65 58
85 12
72 84
81 -90
-7 -75
-29 61
-41 24
90 75
99 10
-33 -94
92 -30
-25 -2
-41 -80
95 21
26 -42
89 -98
60 -61
-52 13
61 -13
42 -50
-4 13
90 57
54 -82
-32 49
29 -41
-81 -72
-52 -85
71 -62
65 35
88 -60
84 -55
-17 -45
5 -59
-65 -22
-97 95
-41 42
69 -54
-84 2
22 -30
49 86
17 -21
72 -81
-48 62
72 93
3 44
-4 42
-35 47
51 70
-73 17
-92 -57
67 -95
0 99
86 -35
-79 -85
-47 93
75 -76
2 32
55 62
75 -45
48 55
-2 -44
15 -24
-31 18
72 -7
87 -23
8 -36
-47 -10
-29 74
-38 -82
-62 -80
-6 65
24 -46
1 66
56 87
81 -20
77 -7
-31 -25
-78 30
88 82
1 -80
-49 70
89 48
38 66
5 -65
93 64
-84 65
-94 -75
-22 -71
17 55
-61 -50
95 21
-75 -14
87 99
71 -70
17 -82
-60 -45
63 -25
-86 -38
36 -13
33 -35
51 -43
-72 58
23 25
-38 61
-37 -58
-96 -9
-65 49
87 58
-73 -94
16 -5
48 -14
-11 -9
58 -93
41 -99
-36 -89
51 42
97 11
90 32
64 -15
59 60
-76 -36
94 -89
-60 -8
-4 86
78 37
13 56
51 97
-49 -50
-16 -63
-51 60
-52 49
91 -57
85 -49
-17 90
86 86
42 24
34 41
-53 -5
1 63
-36 43
15 86
-67 51
90 -95
-59 99
67 36
-38 70
51 -3
52 54
-11 -55
56 71
-96 75
-82 -62
82 -44
-50 -62
95 64
10 65
-71 -14
-11 -31
42 -31
49 72
-94 -8
-97 -68
33 -74
46 44
-4 -55
89 -13
78 -51
80 -5
55 -30
-64 49
39 83
10 95
-43 -42
-45 34
-76 -92
-100 62
7 84
-38 -14
-36 -12
78 88
-66 21
79 -50
32 38
62 49
-10 93
-42 37
12 33
10 57
-94 -96
91 -32
-53 48
92 -77
98 34
71 50
89 27
-27 78
-39 94
-37 46
-48 57
-83 -74
-46 -70
71 -28
-43 73
-32 -71
37 -19
14 -33
-97 -25
90 55
-11 74
60 89
-71 14
63 2
7 87
91 30
54 -81
64 90
91 99
5 76
-24 -87
45 93
34 49
-28 58
-14 -95
79 89
69 94
27 -67
96 -49
-26 -97
60 -38
62 -24
99 -68
84 99
3 -76
-80 74
4 48
25 -56
-61 5
-78 30
31 -4
-44 -7
96 -76
5 -84
-17 14
98 2
86 24
59 -89
-98 94
-38 35
-5 80
63 98
6 -71
91 -87
-85 92
-9 -92
20 -7
-65 -34
-44 -15
-41 -83
-45 57
79 -71
66 2
-83 -16
7 32
39 85
93 71
48 -39
76 -67
97 -29
23 -81
-11 -23
2 86
12 -62
-41 -87
87 -100
-37 -85
-35 -25
93 -20
69 55
-58 20
-90 -33
43 79
43 88
93 -78
-77 -46
-63 25
72 61
-59 52
-62 18
-56 -45
-64 53
76 -57
-69 7
-29 90
-84 -87
31 13
36 -94
7 -73
-18 16
-92 6
0 21
-82 22
35 71
95 55
99 23
33 -100
-68 -98
3 -61
74 -97
29 68
94 -89
-34 -20
19 -66
15 -35
-88 -2
18 -89
19 62
-64 25
-8 48
93 -77
-34 56
48 -13
-58 67
23 75
24 -16
4 54
-50 -12
-54 -71
1 -32
-96 27
-48 -24
-81 -33
27 65
-22 -77
-99 45
1 74
-84 17
-12 -8
13 -60
-2 -86
-24 23
19 74
-53 -79
61 -61
20 85
-33 0
-39 13
97 -33
-29 91
-73 51
-85 -62
28 96
78 43
-49 4
29 -73
94 28
-81 12
26 77
-59 86
50 87
-43 89
94 26
-31 -12
79 61
-89 -4
-25 -9
-15 62
-47 -33
-2 -90
51 87
-40 -86
-7 89
-79 -47
17 83
-70 -36
30 -87
93 -64
63 98
-11 -33
-40 -36
-98 8
27 90
-18 -44
75 60
-94 -20
-96 72
-6 -29
-68 54
-65 -93
75 -89
95 76
-61 48
-88 -1
74 48
96 -5
35 -88
78 -75
34 51
36 40
-27 42
67 -95
-59 78
-93 92
-2 42
-1 53
78 25
-44 19
27 -94
99 -73
36 -68
79 53
-62 28
-72 -84
-66 35
29 -37
-6 46
-4 -61
9 -79
-33 -47
58 18
-82 -8
39 73
-60 39
80 94
-2 94
-5 -100
44 52
-96 -33
-17 -38
-4 39
-29 24
-53 71
-80 15
10 -5
80 28
-82 74
-14 30
82 93
6 -39
97 -58
37 -45
42 -93
43 -61
-1 14
-70 -78
69 -93
25 -31
59 23
-70 59
75 37
93 86
-48 49
30 36
71 -84
-29 28
7 13
15 33
57 25
-77 -53
76 -61
96 51
27 -42
74 -65
-54 97
-91 -60
-30 1
14 52
-50 6
61 -83
-75 12
-50 -2
27 -46
-53 75
-92 -46
-26 -82
-54 27
80 5
8 85
-22 1
-49 20
-49 11
-96 -18
51 -97
97 68
39 67
25 -36
97 -39
22 98
-64 -5
-79 -28
-34 4
-93 3
-62 85
-26 -11
-16 80
57 66
-65 -9
98 -58
26 -92
69 -57
32 62
-32 32
39 40
44 23
96 56
-67 30
-45 -73
59 -15
-83 -49
46 -82
76 5
-30 -77
37 -20
9 81
-35 -84
7 57
-93 -74
-1 74
-31 91
62 16
50 98
58 -4
-83 99
-32 35
-36 -41
5 74
-4 10
-77 -86
-20 83
-13 66
-89 96
94 96
-51 61
-62 1
11 -32
81 57
-61 -98
62 -40
-2 -72
-68 67
97 -54
-66 37
63 4
69 1
19 25
-63 49
69 16
-44 -60
-75 49
99 -60
91 -36
57 -92
63 17
-87 -77
85 26
-62 -31
79 12
-41 60
23 -20
60 -98
-57 94
84 34
-18 57
6 -95
64 -82
-19 4
-68 20
88 -50
-22 82
32 -34
-61 -64
19 -51
55 -29
-42 8
-43 80
11 99
97 -93
82 88
-8 -39
90 44
7 -79
-39 7
-53 -5
-6 -29
17 33
30 -31
7 -16
-74 65
18 -40
-38 -69
-57 -7
-15 49
-53 27
-26 -51
-42 75
75 42
-44 14
-35 40
-89 48
22 -96
16 -2
46 -64
33 60
95 1
-14 -77
84 46
-60 -55
0 -80
-53 96
-79 -38
-63 21
17 2
-10 -45
50 -56
-21 91
-23 26
96 4
-45 68
-56 88
-65 13
83 14
9 9
-50 9
24 44
-9 -21
-88 4
-2 -96
92 -48
-24 29
2 90
-57 -35
57 -94
16 -22
-70 -23
-67 30
74 54
70 -80
54 35
36 18
81 2
-80 -39
24 -86
92 82
57 24
12 80
-42 0
2 -68
28 -11
-52 82
-17 -94
10 95
88 -16
-94 -22
-93 -71
-27 79
-72 85
63 -20
-100 22
-83 55
-80 16
3 41
-72 34
46 -21
-61 -78
33 8
43 -69
83 -79
50 43
-11 44
-63 70
-77 -90
82 -25
-90 -18
88 36
86 85
-57 61
74 -40
42 11
-24 21
-8 97
20 40
-37 10
87 25
44 -11
19 79
-69 78
71 91
23 -99
63 44
59 2
53 59
84 14
-23 44
-86 -76
-39 -16
12 65
10 50
75 -61
78 34
58 -34
57 -100
21 -94
-39 -19
-53 76
28 -86
24 9
-14 50
10 -31
77 -27
-48 -20
14 35
-25 -17
-13 -57
54 -77
31 95
63 49
24 -22
59 68
24 -98
-93 19
-48 45
-90 -30
50 39
-62 -51
-26 1
-54 20
-18 70
-31 11
42 -10
-15 71
-28 -58
-81 95
59 16
69 7
-62 -84
72 22
-80 37
80 65
19 -45
57 45
14 -60
77 -95
-91 -52
-27 28
-30 51
-29 71
26 7
-19 -48
29 -41
41 2
57 74
6 71
-90 14
-50 -60
-12 -78
44 48
90 -32
-15 -20
-34 -65
63 -61
12 -14
68 46
-42 82
87 27
15 68
76 -86
-4 -20
-26 -14
49 49
6 74
-93 -20
73 -62
-12 -29
33 -62
38 80
75 78
-6 -18
96 -6
87 -70
97 -70
70 -56
-80 14
-85 -6
-92 69
-75 -22
-60 64
-14 -38
75 -93
-26 -21
5 -52
-24 -14
6 -13
-67 -22
-63 -69
-65 48
20 -19
15 11
-81 -5
-92 -84
-25 -17
9 -10
76 13
-22 -15
-44 -73
-64 -24
87 -42
23 -97
27 66
90 68
-18 -5
74 -14
57 -30
22 34
76 35
-95 -75
-6 -91
-8 28
-4 32
-67 21
-82 -10
-34 42
-65 32
80 38
28 -21
69 38
88 -71
43 4
27 -25
-15 47
-9 77
-89 27
-55 -95
67 82
30 -91
9 50
23 -86
33 79
74 59
-91 18
34 -89
-23 69
-96 -93
72 33
95 27
-77 11
30 -26
-76 -38
-77 97
-37 -38
19 88
-40 54
-52 42
-13 -34
-43 -61
25 -24
34 21
18 96
39 28
-68 93
-99 -53
-33 -26
82 2
12 -10
-25 1
80 -33
-7 23
-9 -6
-35 -62
-13 -97
19 72
52 88
36 -2
82 30
-34 44
-67 53
42 1
89 -73
74 -32
97 16
-74 53
84 -10
12 58
-57 -46
45 -28
-46 -21
32 78
-38 70
45 -35
-34 -72
17 37
-87 -47
61 56
-22 -98
62 62
-94 -9
-39 -51
-30 97
86 89
44 19
-90 -52
18 72
-56 40
44 71
-3 -4
-20 66
2 77
-24 16
-24 78
4 -98
60 -28
-53 -94
90 93
-16 -47
-97 -49
46 -80
-37 49
-44 -22
35 -25
-52 -94
50 99
-87 -51
-93 46
-24 51
-60 15
84 45
89 -45
83 -91
18 -69
-71 10
2 -64
45 -66
94 89
80 -28
-61 -76
-97 -26
-21 -13
7 8
-31 4
-18 -33
-20 31
90 94
33 59
-15 -8
75 85
12 -6
-87 60
-10 -28
79 60
-14 -62
-87 92
59 -4
-100 -15
-40 0
4 53
94 -86
26 -78
-30 -30
-36 -34
-65 57
68 -75
-43 82
-41 44
-7 36
-59 -68
40 59
2 -35
13 -42
-49 -36
86 -1
-24 -56
-79 -89
31 -17
29 -58
-36 -21
31 83
55 38
84 -53
-83 -66
38 93
-5 -7
78 6
29 -43
80 21
-2 -9
-52 57
-76 10
58 -13
-32 58
-33 21
26 73
83 92
-71 73
78 -22
-47 -24
-35 -73
-54 -39
-43 -14
-85 8
-85 -78
-6 -68
51 77
-83 4
65 -6
56 91
-96 -70
57 27
-47 -30
22 38
-44 -87
-15 6
46 -68
94 12
29 37
77 -31
-28 -6
-22 45
75 28
-39 74
-15 -56
75 84
98 41
65 -57
-25 -64
76 64
69 25
34 96
-8 56
-27 -42
-51 -3
-22 -20
-62 -62
-66 -30
49 -76
98 3
-75 -36
41 -87
-53 43
-24 11
-61 92
54 19
28 -56
-39 64
-30 33
27 -81
-82 -16
67 18
4 49
-1 11
89 -91
70 -93
25 91
-50 -96
57 17
-7 -55
51 -24
-69 -85
-18 31
81 56
-49 -56
-91 86
-8 45
-42 -100
-62 0
13 76
-86 98
35 42
-5 -78
89 22
82 -79
54 -36
29 93
-43 -100
-50 14
34 -16
-26 35
29 71
-8 91
-53 -35
-97 10
-13 -79
73 2
29 -99
7 -67
-29 -64
16 48
76 64
-28 -42
7 -66
34 -94
-80 -47
5 -70
25 51
37 91
92 23
1 83
-57 -47
84 46
91 -18
18 -11
-47 40
57 -27
-46 45
-22 54
12 11
99 53
24 -89
11 77
98 16
14 -42
40 -33
-27 52
81 -7
32 94
-43 -88
73 -41
-18 13
-2 -58
-50 82
20 20
57 -24
-78 2
-35 -65
-57 8
-53 -56
-46 -71
-97 76
-51 20
79 38
22 -59
-78 28
96 76
64 -70
66 -46
21 87
-93 -32
33 38
94 -17
37 88
73 -67
12 -47
41 21
-90 -93
-99 -89
62 -2
-31 -100
8 69
64 -97
99 73
-92 99
83 11
64 -34
-67 63
-85 -5
99 27
57 72
13 -56
42 -89
-82 -10
4 29
1 -29
92 53
98 45
72 87
10 80
-86 85
-82 -83
13 59
-64 -71
6 -98
69 22
72 -72
-23 2
54 -44
74 -42
-82 82
-90 -65
-96 80
-77 26
-16 -17
27 -27
-25 14
28 -12
-7 -33
73 -83
-16 13
16 55
-6 63
-80 98
16 -29
64 92
-20 69
0 -91
-81 -14
12 57
-14 -37
-2 -30
-34 -7
40 56
-81 42
-47 -91
-61 69
-17 34
-46 -79
69 45
-1 29
83 -90
50 -68
81 -70
14 21
-13 25
63 55
74 74
-88 41
46 97
44 1
-94 -32
-94 -28
-87 -54
-99 -16
-26 72
51 70
32 -1
-53 -17
86 -61
-43 49
-92 -91
10 31
90 7
-64 2
54 -43
-95 72
59 -9
53 17
71 -60
76 40
-71 -83
-46 -57
37 6
-11 66
-14 -41
-46 96
-70 74
-35 -8
47 -94
66 -46
74 99
44 76
-70 0
52 -43
-20 88
27 -82
-71 -95
-24 94
-82 -69
69 56
20 37
46 5
41 39
72 -25
-96 69
39 36
-20 -71
-33 -46
34 -81
-70 -75
-5 -40
-20 75
-53 42
36 83
-82 94
-30 -27
68 -12
85 68
-76 -46
85 58
-10 14
-40 8
-67 -45
-14 19
71 95
76 30
-83 61
-16 -59
13 -99
-52 -47
50 53
-17 45
71 99
5 43
2 -54
-82 22
1 -26
-1 -86
14 90
-28 19
81 5
18 -34
-62 -73
-66 -54
56 30
60 -20
50 69
-18 24
-40 12
26 33
83 97
62 93
93 -53
93 -8
-27 1
-14 -74
3 11
-75 1
48 -97
-23 -4
-90 63
81 87
-90 -38
-15 1
77 20
-87 92
-80 -34
-91 -40
49 -60
88 7
-74 -16
-87 -21
87 23
-37 58
2 -42
-27 -92
88 -7
-96 35
-75 9
-82 65
-57 90
-90 11
65 -16
65 58
-12 97
82 -60
-36 81
3 46
67 -53
-79 22
-35 -6
59 61
32 -21
98 -4
-12 82
-93 -59
-67 -9
-20 -74
-48 -5
12 55
89 74
50 -26
-3 -32
33 -35
-43 73
6 -70
70 -97
-46 -81
1 25
36 51
-67 7
-4 -70
-28 38
-80 18
82 82
-66 -11
37 -92
-13 -72
11 -25
18 -20
-20 17
-100 67
-28 -59
94 36
5 -32
-34 1
-58 69
-91 -98
-76 -36
-70 27
-53 25
-32 -40
1 41
84 51
74 36
4 49
0 -57
14 -76
46 57
-75 -83
40 39
-27 15
-14 70
14 10
-13 -16
85 94
-22 -42
-64 -80
73 -35
-20 -42
79 -97
-59 13
-54 1
-6 -91
-67 -44
-19 97
-87 -7
-79 -45
94 -88
51 2
-96 27
-43 -53
25 -32
-94 -94
-41 16
-94 50
17 -36
18 17
-62 15
-14 -77
10 14
-39 24
2 21
-66 71
-38 64
61 19
-37 -64
99 85
-38 9
77 93
72 -51
30 -70
-14 -74
57 48
-35 32
41 11
43 95
-75 27
-24 40
95 -42
99 38
75 -29
-89 53
85 -84
64 99
-71 -67
-17 13
26 -79
34 -4
64 42
39 71
9 3
6 -10
43 -37
-35 86
89 -64
-73 31
63 71
57 80
-4 -97
-13 -34
85 -84
77 -63
47 -92
27 7
-65 19
26 -29
-78 -23
-15 -73
-96 97
-73 63
-87 86
-65 80
-2 63
-43 -73
-17 23
19 23
68 -72
-77 -62
-87 30
-38 97
74 46
49 -33
25 -8
-66 -63
-37 -37
21 86
47 -73
-84 57
10 -33
-23 -63
25 18
-77 -14
85 36
12 51
-29 74
65 -7
-77 -79
-68 -49
62 6
-82 99
38 -66
-76 97
-61 99
15 -53
24 -52
-81 32
87 65
-9 -15
-37 -17
54 26
80 61
-12 -83
-69 5
-63 -1
68 -84
-66 22
-5 -25
92 50
77 66
-51 34
7 -74
94 -80
-2 85
-62 -65
78 80
58 -43
-28 -56
-75 -64
23 -61
83 -76
91 -11
7 83
16 -55
2 6
82 -2
24 -5
-37 93
-81 49
80 44
-51 94
-90 -7
-80 -44
-12 -14
54 -9
39 -40
-34 73
-11 72
22 43
-59 25
67 -72
30 -53
-77 -76
-4 -89
-7 -73
38 -65
-32 23
-8 9
80 -82
-28 -40
-59 55
13 -16
-98 -43
-73 23
-61 -81
-81 37
82 -1
-45 72
53 52
-50 93
-44 3
-2 29
-55 -87
-80 -79
-96 62
89 -60
48 -58
-19 -83
-100 47
37 38
-3 4
-72 -69
-39 55
-24 -52
-58 25
-86 -65
-44 -27
58 -19
-87 25
-81 43
-78 -2
49 9
99 34
-79 -88
-34 -92
31 22
1 -72
79 -27
54 35
12 40
-32 12
-32 83
78 68
-23 -93
-75 -17
96 86
66 83
90 -19
-47 15
-83 -99
-97 99
-91 -53
76 94
-96 45
-61 81
4 -41
-16 53
-22 20
-11 77
-87 48
-88 20
-70 27
20 -81
99 48
91 -95
83 -1
-97 85
-61 31
-45 -52
-28 21
-94 49
-54 -93
14 -86
-55 -7
-61 -93
6 70
21 -53
55 -47
-72 -68
-70 -13
96 90
25 -39
-54 -53
16 97
54 -18
-77 53
88 -11
-83 -75
-82 -98
-79 12
61 28
36 -94
81 -56
6 -49
-55 -94
-94 20
54 96
16 -4
-33 6
-25 -90
-97 -96
58 -35
-93 -30
67 88
64 -24
61 -78
50 59
-59 -37
24 -2
-34 23
74 94
54 -30
-58 -37
93 -16
-50 42
-76 54
-88 -47
55 -81
91 -82
53 -22
-48 -63
-69 7
-20 -81
55 46
-96 27
-21 15
9 -81
-86 -62
81 -35
-95 76
-56 74
17 61
-37 49
-82 -51
-90 37
-4 -62
-82 -70
-71 45
-50 27
85 19
16 -28
-68 -25
36 -78
-17 -89
83 30
26 52
10 -58
-38 -13
58 66
94 94
-34 44
40 41
-88 -66
-85 93
24 -2
1 72
94 84
49 -81
76 -54
-2 65
91 -49
82 -83
95 11
-100 -54
15 34
43 60
69 -12
-56 92
28 24
84 -97
-45 89
-1 -15
-38 -65
26 -48
-19 19
28 -82
-18 3
21 55
-60 -2
39 70
-78 -13
5 43
-65 -60
-87 88
-51 -39
79 -84
75 -18
-63 -78
73 -83
83 -77
4 9
-14 37
-82 29
41 -96
-12 -48
78 -74
-81 -91
21 -55
23 -37
31 71
-15 41
-15 -41
83 -18
69 -99
-66 18
22 -5
-68 52
49 17
-75 13
-55 77
-49 46
-81 17
-86 -52
-46 -93
-49 -8
-11 21
-100 -9
-99 42
-67 24
-9 47
78 -62
33 -21
54 89
6 84
64 -40
0 74
23 11
71 61
-71 97
56 -56
-90 -44
-64 -5
-48 41
-55 66
-79 -14
40 -93
97 -8
79 35
-81 79
23 44
39 51
66 -62
-81 -65
-62 99
58 -1
18 37
73 -54
-37 -74
-21 55
44 -74
-92 -62
-47 50
70 -89
-22 -21
95 -24
8 23
-1 -100
-16 32
-24 -10
-64 -89
-94 38
-24 -1
-30 -62
16 50
9 70
-55 -27
77 -43
-44 -8
53 -35
4 28
21 7
-79 0
-80 -22
41 25
-73 -88
-49 -68
14 76
56 -74
-83 18
-26 37
21 -100
88 43
81 -40
46 72
-20 23
0 63
-48 40
-18 -2
-67 -64
-23 87
-76 -20
-22 -27
-98 11
93 -41
36 96
-18 -10
4 72
48 -54
99 23
-39 50
71 34
79 -30
-84 21
-78 72
47 29
93 -10
53 82
39 -71
7 -3
43 -40
94 43
-45 60
77 -21
-9 -66
35 -41
37 -70
1 20
8 87
94 -56
27 -74
-65 41
76 -77
-12 -94
44 85
50 -38
-7 -17
-95 37
-63 51
46 6
45 -86
82 38
-1 88
-98 -69
-91 -9
60 86
81 57
-95 -28
22 21
-98 85
-55 -17
3 15
-21 -19
20 92
-7 76
-36 -3
-44 56
-95 90
79 -12
-38 34
22 -97
83 -60
-65 65
-93 -32
55 85
26 54
-45 32
-71 57
65 -5
56 1
-89 56
-65 85
-88 70
43 -59
10 10
-13 35
17 26
59 59
-100 -13
-50 91
18 -89
-4 -39
-54 8
-42 -14
-41 83
-90 48
-7 -63
68 -79
-19 57
24 -34
44 -34
43 -66
71 -2
-14 90
29 76
86 -74
70 -88
-22 -98
-3 -86
-70 -40
-100 -65
59 -63
67 49
20 48
-61 -60
33 -8
31 59
-28 14
49 88
70 62
-47 47
-12 -68
-36 30
-72 18
19 -45
-60 70
22 43
-21 -57
52 94
9 61
89 13
-12 16
96 -35
28 83
-76 20
65 -66
-12 40
17 -84
-43 -55
88 29
-35 93
-62 -30
-3 -80
10 52
-88 -34
34 42
90 50
89 -28
24 -36
-69 -100
46 26
-15 -34
67 -29
60 -66
-42 27
64 -97
-92 -95
58 87
-55 34
76 46
35 1
94 39
-48 -92
-94 -69
-75 -27
11 -9
86 -72
20 -36
17 -37
3 -61
-61 -48
58 51
-8 5
28 26
-12 -52
-25 -30
95 -26
69 -7
32 87
-96 -35
-100 -70
86 -42
91 -82
44 -49
-31 19
57 -10
47 -64
40 77
-31 47
9 31
51 -61
68 92
-61 -52
-47 -18
2 -61
-32 50
-9 26
87 -21
-98 93
-52 -7
48 -8
59 86
-61 -39
-76 -13
-41 -81
-11 -24
-32 88
96 -82
-95 -38
80 75
62 36
54 8
-63 10
17 -96
-77 -46
53 -68
59 51
31 77
-87 -9
13 44
-17 96
-44 51
66 50
-93 28
1 -43
-89 -46
-57 -62
15 -3
-17 76
6 -45
43 15
2 -73
9 -89
39 -60
-20 80
61 -89
-73 98
-93 92
-43 53
-87 -30
62 40
-80 -55
40 38
39 -51
-62 9
37 -30
96 23
-9 87
65 63
9 -97
2 -91
23 31
48 12
44 -74
-89 84
23 -65
79 70
71 63
76 -83
56 6
65 80
-43 70
71 -31
14 -68
84 -34
55 73
40 -75
26 25
-59 16
33 35
-24 -80
-69 -18
87 80
43 65
31 68
27 -40
-39 68
-5 51
7 64
33 88
-42 -76
49 97
86 -57
95 6
-84 -76
41 -94
59 94
55 26
68 42
-81 -30
-38 -16
47 -29
6 -4
-53 25
-98 86
-32 -74
68 10
-68 87
-57 -16
-96 -13
87 7
31 -9
-29 9
-73 -91
84 -83
25 73
-4 -60
-90 41
-95 72
73 59
-47 63
77 -16
6 -36
18 -5
-79 2
39 -14
97 -40
-32 52
-59 64
-65 75
1 39
57 32
-58 76
-26 12
-38 89
35 53
-1 -25
80 -7
-7 -82
-14 55
44 14
-29 27
94 -54
-10 -73
-77 -48
-22 -8
-60 48
-90 68
74 -39
16 61
-33 -37
-57 -12
-71 -15
-23 83
21 -16
44 -40
-71 87
44 -61
34 -27
-70 99
64 -81
-74 -90
38 62
-95 -9
-12 58
-72 -85
-78 12
-48 73
67 -37
62 7
-90 65
-21 6
99 97
-58 65
-68 -71
-45 -99
75 41
57 96
-14 49
76 -85
-55 -45
-11 -28
-19 -14
-24 -97
96 92
-73 76
-78 -17
-62 69
-24 -64
69 -44
72 -50
-25 76
-30 70
37 -39
-72 -8
5 98
-12 -40
82 73
33 86
30 39
13 77
24 28
74 -46
-15 -64
70 -58
21 16
-27 -23
1 86
-63 -81
84 72
-77 -45
-82 46
73 -67
-23 28
52 -47
-69 -42
19 -25
30 -8
38 -71
-90 -54
-94 51
-81 84
19 85
27 -53
-82 -11
-97 50
-69 40
-6 -76
-43 85
68 -69
-85 -74
-50 14
-34 -37
17 90
-27 6
-1 -97
-75 14
-59 73
-39 -78
-46 -60
-100 46
24 71
55 -37
-19 69
80 -39
95 -35
86 9
-61 -77
88 57
45 -5
98 81
-18 39
-10 78
-99 -48
-57 63
-30 59
-34 -45
-52 60
-52 -57
-16 -94
-27 -11
-94 -14
63 -49
-73 29
-83 32
-21 -2
35 33
-88 -37
59 9
-15 50
-53 -10
71 -30
-16 -48
-92 71
77 -98
85 84
-26 4
22 71
-88 49
-67 -52
85 -83
43 52
9 -92
-65 29
-74 12
26 -62
5 67
41 51
-80 31
-15 69
-26 -95
82 39
-36 -72
-62 71
61 -78
-36 4
-4 -59
-75 30
45 42
69 93
90 -77
-59 -48
-100 68
50 -39
27 30
7 -62
-14 80
-54 5
66 -17
87 -19
48 -64
-99 79
66 -57
-72 9
-2 -79
70 12
64 83
-88 64
62 -48
59 -11
-37 71
-54 72
89 -42
-63 23
-54 88
-98 62
-69 71
79 81
-68 -8
-65 13
3 6
23 81
52 -16
65 39
69 26
-88 14
15 36
73 68
-33 31
-88 -36
-89 -44
21 -22
-36 -32
24 47
-66 86
-10 -31
13 -26
-65 -75
50 -4
47 -39
-96 -62
-46 53
-47 22
-43 -8
36 14
-77 11
4 -48
29 99
-70 -95
-39 -87
-63 42
-33 -16
-2 3
68 69
99 -52
-40 50
-66 -76
94 -39
29 19
14 -17
49 45
-56 -21
-69 65
93 38
21 -83
38 -71
-10 66
66 -64
-58 23
50 -35
-79 -91
-48 27
41 -60
61 68
56 8
86 98
-15 85
-4 25
54 31
-77 80
55 23
60 88
38 -63
66 19
64 54
75 54
-65 -93
51 53
36 -73
-26 14
-38 -88
-34 92
-81 -92
99 -95
-37 -51
-24 -98
-31 6
73 35
-48 -52
35 1
49 -75
-81 -70
87 82
58 70
83 11
58 63
-45 -78
96 -93
-64 13
-96 -22
0 27
-84 -26
-14 -62
83 -15
-76 -96
13 -80
-41 -68
-45 -1
18 27
32 -39
-77 65
54 0
89 23
-82 -3
76 33
50 -17
-75 -95
-48 95
-34 97
63 54
-85 -11
25 41
-58 35
32 8
22 54
53 -50
-21 48
5 66
12 -13
-45 -96
89 73
95 -6
-88 -33
-48 42
80 -19
3 27
85 49
-2 50
26 -25
30 47
91 -31
