0.31
0.04
0.31
0.03
-0.45
-0.55
-0.02
0.85
-0.22
-0.11
-0.26
0.51
-0.73
0.07
0.25
0.15
-0.07
0.2
0.01
-0.51
-0.58
0.1
0.18
0.11
-0.37
0.15
0.39
0.51
0.04
0.39
-0.24
-0.13
-0.79
0.35
-0.18
-0.09
0.09
-0.05
0.23
-0.3
0.31
-0.42
0.71
-0.26
0.47
0.52
-0.26
-0.47
0.29
0.3
-0.04
-0.12
0.26
0.16
-0.81
0.35
0.42
-0.15
-0.06
-0.24
-0.29
0.44
-0.11
-0.06
-0.06
-0.21
-0.15
0.15
0.01
-0.17
-0.21
-0.21
-0.44
0.3
-0.28
0.01
0.01
0.08
-0.02
0.1
0.24
-0.49
-0.4
0.09
-0.33
0.41
0.21
0.14
0.24
0.36
-0.07
0.31
-0.46
-0.48
-0.49
0.28
0.89
-0.52
0.33
-0.47
1.33
1.9
1.0
0.88
0.31
1.11
1.77
0.81
2.07
1.74
1.56
0.81
-0.14
0.42
1.66
1.5
1.6
1.22
1.68
1.55
2.01
0.61
1.99
1.56
-0.12
0.3
2.31
2.11
0.04
-0.28
0.82
0.58
-0.08
1.45
1.71
-0.33
0.97
0.83
1.56
0.36
0.19
0.91
1.9
0.17
-0.45
-0.61
0.09
1.77
1.22
1.78
0.06
0.79
1.37
1.34
2.2
1.44
2.55
1.85
-0.35
1.59
0.35
1.23
0.59
0.94
0.38
0.29
-0.14
1.12
-1.34
-0.54
1.21
0.82
0.81
1.48
1.8
1.4
1.42
1.34
0.33
-0.4
1.44
1.64
2.0
0.89
1.83
2.21
1.49
0.09
2.1
1.02
1.05
1.42
1.42
0.59
1.0
-0.19
-0.44
0.44
0.62
0.74
2.42
1.39
-0.19
-1.1
-0.63
2.32
1.15
0.54
-1.23
3.04
0.63
-0.68
0.14
0.29
-1.96
0.51
-1.1
-0.22
0.09
0.16
-0.31
-0.97
1.62
0.71
-0.26
0.6
1.18
0.48
0.67
-0.95
-1.17
-0.43
1.27
-0.12
0.15
2.4
-0.67
0.2
1.31
3.33
0.16
-1.6
-0.09
0.12
0.55
0.36
-0.76
-1.49
0.16
-1.25
0.7
0.13
-0.3
-1.19
0.55
-0.46
1.05
1.34
0.93
-1.05
1.21
-0.76
-2.12
-1.46
-0.35
0.05
-0.7
0.35
0.65
-1.45
1.12
1.03
-0.44
-0.92
-0.99
-1.81
1.13
-1.28
-0.49
1.82
1.17
-0.14
0.88
-0.54
0.85
-0.0
1.63
0.98
-1.94
-1.53
0.3
0.09
-0.04
2.52
2.63
0.56
1.43
-0.17
-0.23
0.82
0.12
-0.49
0.3
-0.57
-0.3
-0.31
0.14
-0.09
-0.45
-0.01
0.6
-0.0
-0.4
-0.4
0.28
0.04
-0.09
0.21
-0.37
-0.29
0.31
-0.51
0.34
0.04
0.33
-0.0
0.41
0.37
0.39
0.47
-0.4
0.11
-0.51
-0.21
-0.69
-0.0
-0.22
0.42
-0.15
-0.68
0.37
-0.51
-0.02
-0.2
-0.1
0.34
-0.18
-0.6
-0.24
0.28
0.15
-0.45
0.72
-0.02
0.2
0.43
-0.32
0.12
-0.42
-0.13
-0.12
0.63
-0.43
-0.17
0.2
-0.33
0.13
0.09
-0.04
0.19
-0.09
0.19
-0.39
0.02
-0.35
0.39
0.21
-0.29
0.16
-0.04
0.23
-0.13
-0.06
-0.31
-0.09
0.23
0.48
0.24
-0.18
-0.23
-0.35
1.05
0.01
-0.19
-0.48
-0.28
0.52
-0.34
0.2
-0.25
-0.04
0.4
-0.26
-0.08
-0.86
-0.4
0.93
-0.84
0.49
0.44
-0.41
0.74
-0.68
-0.35
-0.13
0.43
-0.45
0.16
-0.3
-0.59
0.67
-0.01
1.14
0.59
-0.96
0.72
0.84
0.57
-1.77
-0.52
-0.16
0.33
0.13
0.29
0.27
-0.75
0.02
-0.08
-0.18
0.34
-1.1
0.08
1.02
-0.22
-0.87
-1.16
0.2
0.4
-0.77
-0.22
-0.68
-0.15
0.48
-0.33
-0.0
0.4
-0.65
-0.07
-0.13
-0.42
-0.32
-0.05
-0.26
-0.02
-0.27
-0.16
-0.47
0.34
-0.9
-0.74
-0.45
-0.13
0.33
-0.41
-0.04
0.79
-0.34
0.09
-0.15
-0.36
0.85
0.05
0.36
0.18
0.49
-0.3
0.62
-0.1
-0.23
-0.17
-0.22
0.01
0.45
-1.28
0.02
-0.4
-1.04
-0.39
0.01
0.63
0.11
1.44
0.85
-0.16
2.21
1.12
1.44
0.05
0.75
0.96
2.38
2.71
0.49
-0.06
1.63
1.17
0.51
0.22
0.17
1.72
0.84
1.18
1.59
1.15
3.41
0.28
1.35
1.27
1.48
1.42
1.57
0.02
0.69
0.06
-0.84
-0.37
0.8
1.06
0.27
1.98
1.82
1.99
-0.24
1.27
0.97
1.27
0.14
2.35
1.82
0.8
-1.26
3.35
0.24
1.56
1.57
1.86
0.77
1.48
1.66
1.07
1.16
0.12
0.71
-0.24
0.55
-0.61
1.29
1.49
-0.15
0.73
0.97
0.58
-1.64
0.29
0.87
1.81
-0.64
0.25
0.18
0.22
2.29
0.41
0.53
0.17
0.18
3.25
2.38
0.17
1.25
-0.41
1.72
0.07
1.09
0.7
0.67
1.11
-0.19
1.61
0.45
1.75
-0.03
-0.26
0.48
-0.46
-0.13
-0.14
0.41
-0.22
-0.44
0.31
0.5
-0.88
-0.25
-0.41
0.01
-0.35
-0.26
-0.06
-0.44
0.29
0.53
-0.71
0.36
0.23
0.37
-0.46
0.2
-0.37
-0.11
-0.24
-0.57
0.23
-0.18
-0.26
-0.36
0.06
-0.53
0.54
-0.06
-0.12
0.26
-0.63
0.27
0.12
-0.39
0.15
0.16
-0.43
-0.21
0.36
0.08
-0.16
0.43
-0.25
0.89
0.21
-0.4
0.36
-0.24
-0.33
-0.03
0.84
-0.55
-0.29
-0.09
-0.54
0.1
-0.09
0.08
0.49
0.05
0.13
0.06
0.15
0.01
0.31
0.19
-0.51
0.21
-0.06
-0.02
-0.1
0.33
0.04
0.27
-0.06
0.09
0.22
-0.08
0.1
0.2
0.91
0.55
-0.07
0.11
-0.12
-0.01
-0.24
-0.01
0.18
0.96
1.33
1.64
0.62
0.61
1.25
1.12
1.35
0.86
0.86
0.95
1.45
0.69
0.55
0.77
1.32
1.23
1.21
0.97
0.8
1.93
0.72
1.62
0.91
0.64
1.13
1.3
0.5
1.0
0.71
0.88
1.23
0.81
1.06
1.42
0.9
0.88
0.9
0.91
0.72
0.6
1.81
1.35
0.53
0.87
0.51
1.05
1.15
1.05
0.9
0.42
0.75
0.45
1.2
0.89
0.92
1.44
0.84
1.45
1.22
0.59
0.53
0.91
0.88
0.94
0.96
0.59
1.1
0.07
0.26
1.0
0.94
0.91
1.15
0.8
0.9
1.44
0.35
0.66
0.36
1.99
1.41
1.15
1.31
0.97
1.63
0.7
1.04
1.16
1.18
1.05
1.39
0.8
1.04
0.46
0.92
1.43
1.17
1.21
0.66
0.11
-0.45
1.46
1.12
0.2
1.35
0.17
0.63
-0.76
-0.25
1.83
1.03
0.26
0.78
0.56
-1.03
0.94
-0.12
1.27
-1.67
0.07
0.44
-0.64
0.84
-0.94
-0.61
1.25
1.56
-0.33
0.78
1.47
-0.53
0.1
-1.2
-0.46
-0.67
0.53
-0.93
0.33
-0.8
1.12
0.53
0.34
-2.44
-0.49
-0.29
-0.77
-0.35
-0.42
-0.22
0.35
0.12
-2.14
0.98
-0.72
-0.29
-0.55
0.12
-1.82
-0.79
-0.39
-0.69
-0.58
0.22
0.56
0.17
0.9
-0.71
-1.19
-0.45
1.47
-0.65
-0.22
-0.29
-0.3
-0.72
0.78
1.05
0.88
-0.61
-0.64
-0.51
0.28
0.67
-0.58
-1.85
0.4
-1.36
-0.84
0.75
-1.66
-0.79
-0.99
-0.52
1.54
-1.18
0.1
-1.0
0.6
0.54
0.35
0.05
0.17
0.91
-0.06
-0.03
-0.25
0.19
-0.01
0.28
-0.13
-0.28
-0.04
-0.62
-0.05
0.22
0.21
0.08
0.09
-0.38
0.19
-0.43
-0.07
-0.11
0.57
0.4
0.0
0.2
-0.31
0.18
-0.06
0.12
-0.41
-0.64
0.08
0.06
0.18
-0.17
-0.31
0.19
-0.57
-0.06
0.69
-0.27
0.2
0.0
0.1
-0.6
0.2
-0.4
0.26
0.04
-0.26
-0.37
0.53
-0.27
-0.19
0.33
0.21
0.57
0.44
-0.07
0.18
0.42
-0.54
0.27
-0.24
-0.03
0.23
-0.3
0.45
-0.81
-0.03
0.26
0.3
0.14
0.4
-0.25
-0.04
0.08
-0.4
0.32
0.18
0.37
-0.14
0.08
-0.03
0.2
-0.25
-0.08
0.35
0.08
-0.19
-0.02
0.13
0.02
-0.11
0.05
0.35
0.35
0.21
-0.66
-0.94
0.25
0.27
-0.36
1.32
-1.33
0.75
0.95
-0.99
-0.21
-0.18
0.86
0.5
-0.89
-0.03
-0.29
-0.25
-0.66
0.72
0.14
0.35
0.07
-0.43
0.14
0.65
0.27
-0.3
-0.11
-0.35
0.36
-0.75
1.03
-0.05
-1.01
-0.54
0.24
1.17
0.07
-0.31
-0.06
0.42
0.13
-0.94
0.24
-0.43
0.24
-1.24
-0.63
-0.36
-0.75
0.62
-0.14
1.02
0.35
-0.34
0.46
-0.62
0.28
-0.08
-0.1
0.02
-0.1
-0.43
-0.04
-0.29
0.08
-0.75
-0.15
-0.57
0.26
0.38
0.13
0.41
0.3
-0.93
0.52
-0.04
-0.0
-0.25
-0.24
1.03
-0.58
-0.2
0.39
0.55
-0.81
0.1
-0.68
0.26
-0.09
0.03
-1.05
-0.14
-1.21
-1.61
-0.74
-0.77
-0.41
0.05
-0.42
1.12
1.45
2.58
1.55
1.81
0.99
1.09
-0.14
2.76
1.84
1.72
2.33
0.9
1.97
1.86
1.37
1.88
-1.12
0.63
0.97
0.65
2.53
-0.93
1.0
2.0
2.18
1.34
1.48
3.28
1.24
0.77
-0.29
0.87
0.67
1.37
1.32
0.79
0.96
1.4
1.33
0.86
-1.89
0.64
0.04
-0.73
1.42
0.86
0.95
0.94
-0.07
-0.7
1.49
1.36
1.57
0.57
1.24
-0.02
0.32
2.38
0.12
0.53
1.17
0.77
1.82
2.65
0.07
-0.52
0.96
2.49
0.97
0.87
1.39
0.9
0.09
1.96
2.21
1.87
0.87
0.73
0.35
0.65
1.14
0.21
0.01
1.08
-0.81
0.6
1.09
-0.13
0.66
0.63
-0.27
2.02
-0.21
1.07
-0.34
0.5
0.38
3
0.85
-0.09
-0.22
0.19
-0.23
0.45
0.6
0.5
0.91
0.08
1.81
-0.06
