0.7573049188558177
0.9187479257488897
1.076496627113377
1.2174038427778706
0.8106267093404917
0.5227937922745965
0.3854103518999329
0.8726957041265963
1.0864245417397589
1.0189613668790358
0.9436362055615988
1.048842677165596
1.4886687186061442
1.0186589052267359
0.8992805173981424
1.484403335665616
1.4843972134345993
0.8179359142633464
0.753389708863613
0.7836968851709498
0.7583040097600822
0.947724104998288
1.0525158572811717
0.08953934557175391
0.4584518748552108
0.9292104288493315
1.4150829170417527
1.0568669424938508
1.5710950289660355
1.0751067535797592
0.7520595791315597
0.9818792139589915
0.9328323785577879
1.1243652196713843
1.1536635634139227
0.6204356654299337
0.28159539043452364
0.32819551704041117
1.141322949552459
1.0394124198131822
0.7411561523482166
0.47978224959282434
0.4806207953304559
1.1948200983246142
0.7685661423408499
1.3273938435822141
0.8925738367386449
0.7545955422662927
0.5371512975155088
1.0072048377793201
0.8333662102894123
0.9912995209341108
0.3136983701235909
1.1278275572722267
0.8788208562796512
1.1611987543514322
0.5160621759818955
0.7932018785878641
1.8015907527056556
1.1295407911268642
1.024855726436265
0.8838915448222107
0.7421853349091514
0.6860623425495631
0.7919503708785633
0.6842638633358766
1.5491662296452076
0.49677728097364016
0.9036286703781116
0.48788302821583995
1.3692632318628923
0.9336221682902218
1.0066113900280793
1.1295633124855875
1.0263544868114918
1.1883031059477347
0.5900753403770637
1.2920416727893065
1.1752246789817808
1.0374760074755451
0.37625745596004834
1.191549716916099
0.871175801833802
0.5121121490515335
0.8274362018677172
1.3559406816983235
0.8134729916497085
0.9750827776785503
1.1966617864969529
1.1391317849805331
0.699385501789198
1.0525771145132627
1.0605128339624945
1.3922460230409834
0.6261846650421068
1.2826812361273763
1.2273846250706315
0.5664623118721996
1.473330951816374
0.7080802164918852
-1.0215959781244472
-0.36094319014177856
0.30637162202678403
1.5236614984160788
0.6160340714298583
0.8738703663000299
0.4160017753704422
-0.28015886377334465
0.30591279510758573
-0.9568434297241482
-1.511941464140516
0.03229565590742573
0.9930546913816104
-1.6480670321163398
1.7194813825838253
0.5465590486401395
0.5150394296601324
1.7141957506327994
0.23260103144924849
0.05513522530691913
1.245704002573745
0.5414100454981976
-0.5288085918887916
-1.1345305500056506
-2.500131122959942
0.1425299484266162
0.9388199187329157
0.228088916704955
0.5460853736033298
-1.0921581747022433
-0.07160567739748233
0.5661256417165265
-0.5672887095917515
-0.3865325701834264
0.12263723021125535
-1.7385992999200528
-1.2581436249554636
0.976182210790193
1.7278500229628666
-0.5694645406924893
-1.5725143547024785
-0.30470539075185965
-1.4822610936483671
-1.124774938557593
-0.30224727051294137
-0.6811680729737706
2.2467826255138625
-0.5115890782636043
0.01947934191793043
-2.1103205257638047
0.28389895675912524
1.7249434625876308
1.757215887949089
-0.9887341291452508
0.2721414397767821
0.18095977693173826
-1.4975037221913554
-0.06481682487853462
-0.16599780093355254
0.24266185006663837
0.40460508096188746
-0.485856989024684
-0.7813730513122503
-0.21783858145357646
0.036476810677663965
-0.05297130007707051
0.5918374352901117
0.14979871891722588
0.8395755026519127
1.4830514027153883
-0.38610180527459426
-0.30910980796322335
-0.9874873438250914
-2.42646433694748
-1.8884879300474608
-0.8526368332482266
0.2899340972466075
-1.7787813975328708
0.42758418062029435
-0.10039632230304134
-0.09248740958826521
-0.016686020543582637
0.3635186457730118
-0.8507693826917293
-1.4709057966086148
1.372047587570691
0.8597723777164508
-0.6074713350573955
-0.31229527750214897
-1.1825352133790628
-1.5943683106843078
-0.036129881391218824
-0.12003176448995943
-0.06014019685898361
-1.0698486929506519
-0.03718920403898427
-0.2308397112351323
-0.7253664203860185
0.8464332453988945
-0.683956662922974
-0.5229153998205701
0.18197466434800968
-0.13941032241282375
-0.09555832244177088
-0.2425775818968008
-0.23216172967821072
-0.1271483366932164
0.24414355853169029
0.0011998714036065962
-0.034328310499068905
-0.32095667799538313
0.27814785569190414
-0.043580956631330284
0.1251062155193997
0.1724787511911483
-0.16920606013275907
0.3711280958665398
-0.09987354045057242
-0.32062500605920163
-0.30029931450687797
-0.10478382904948744
-0.042328342583902744
0.0023839962227362723
-0.5301552212731722
-0.23749329796374138
0.38514493043446457
0.1541191128835641
-0.2748860642957664
0.4694761531211696
-0.7023020940021719
0.18166319616622917
-0.26300195823640493
-0.1663756315162015
-0.08086946138481939
0.167002934752959
-0.2780452653653062
-0.5642863578591386
-0.41037014010254924
0.1150860969364221
0.3416833425140267
0.12221116352869088
0.17970345131369614
-0.06828063024798307
0.43099980945802424
0.7504164509362986
-0.16469768229745557
-0.3421158062315598
0.24297830073189314
-0.3007163141944474
0.533966891074463
0.04726276558038509
0.20080536094604212
-0.8022223541159155
-0.24558728308690964
-0.10034548451993922
-0.2805205819388191
0.03229036562674771
0.21884133395748978
-0.20214932559369542
-0.34139847169994214
-0.3428389201943956
-0.28036270343937914
-0.16136687076694944
-0.07809875941127441
-0.09935086113318649
-0.6675172506844149
0.21934008776526556
-0.459890997982902
0.27725657088609706
-0.07075811610366514
0.29767496473832983
0.10230807575370454
-0.32776160065257975
-0.06927281250753951
0.005793339497909543
-0.2963576487115837
-0.6766131001676707
0.32283001677310874
-0.06899462635579584
-0.25809107741010373
-0.2896632161578358
-0.20334798351793823
0.5214989416518659
-0.4026936129163895
-0.436346571122579
0.12135712617212474
0.29784033027607953
-0.11261994707251391
0.47088259030632335
-0.10423053563405153
-0.16977070941184055
0.20111146739503327
-0.13098151237047503
-0.017617652436527378
-0.05467631207991877
0.11909799431501425
0.2469228009010493
-0.34964544332209985
0.0768242694358559
0.0204508735672688
4.938138335378438
1.9097959793188075
3.4414664656081477
3.844229676466087
2.7786690737768045
2.460063049317781
2.604138535412149
3.5714809080143572
4.679598699915275
4.1816158074347705
0.7269094404122636
2.7727486054838923
1.350117329784882
3.8075026384996913
2.2314646666025246
3.233702338029923
3.540159391853592
5.1431140074590775
4.448513742356756
2.803419418251807
2.2971035239517312
1.2456769265790781
3.002887764899635
2.803203269875165
2.975265148926325
2.601576733810683
3.4685156276485176
2.6928307467583323
1.3770042777315743
1.8118408973456819
3.8778442398873967
2.1900742516501053
2.580866681036088
2.795069635093799
2.8434563063481364
3.465932327619794
3.334361255455264
2.2835522069801644
2.0629457384515053
2.6213819990762546
3.325261694064843
3.10212220580072
3.465110934240107
3.4521138953958674
5.100535791170245
1.190296082004104
3.1875471092421668
4.311274545786018
2.714777264898695
4.590838411044604
2.2388630741021456
3.2892754386639185
3.039782679208612
1.9864099826915944
2.4739479846868258
0.19741388538404703
2.7870335731521836
3.9860660734792184
3.329619407072503
3.9901803254769583
2.352607258637195
3.3041190600410286
3.4528871794086315
3.004926126380065
3.62228170206412
1.7611842718681185
2.5218804683547904
2.4915323602307042
1.9943609714889592
2.739302483717435
1.1921247990849928
3.3850792062877204
4.050851710383166
2.975184163921004
2.3475655354073286
3.593065727813877
2.6644607914194927
4.130207501659816
2.07645940027067
2.9851433387000195
3.6756133334166274
3.402568774301026
2.025354440930432
3.425794185174864
3.38552617454828
1.9052569984308074
3.1236387433639146
2.7653848646019212
2.737873510225193
1.852547961425223
2.724703814961441
2.8502058994690302
4.243292293550228
3.7585946031854114
2.6252168594268186
2.30961082256696
2.042532395662103
4.2092619653492385
2.4584498447263337
3.37257619137741
1.3164992103262811
1.5939826160568036
1.1320590567389721
1.119169921303883
0.9328842850307809
1.0695892522476436
1.4557288468782148
1.4769459672008716
0.6916366620293057
0.7893511034808489
1.0239534609012912
1.0241020322248338
1.0010885004257224
0.5872582278015712
1.0396149828715482
0.32026033169280277
0.781791182032967
1.0250440919502504
0.22651195813211822
1.0698521772278724
0.5297306616729878
1.0427007115445581
1.240649164965444
1.0163065720376676
0.949092032586901
1.7781336433370538
0.8225629885384291
0.6505442282367953
1.4405082721781748
0.7520635874250856
1.0626104515100157
0.8195638036135785
0.3491107670157465
0.7990196017423266
1.3141882700105496
0.8060664661262075
0.9345619086076257
0.9760017095979882
0.8695909270094022
1.0039288126831587
1.1565374247077789
1.0396438328753164
1.249599525908837
1.038377773803074
1.4243200662198965
0.5436459729500972
0.7910486476718626
1.2698136871569219
0.9388799748513018
1.5238998519045563
1.0859381121409744
1.4010016302641324
0.6095958067773068
0.7059525008111107
1.0370853862795015
1.1769484487294757
0.7727223297068113
1.2623272312540577
1.0344199684607616
0.9014105686953774
0.13029738815165015
0.5431365741712266
0.928424043496025
1.2491392370083199
1.099727963240523
0.3946135276980066
1.6848296359547397
0.6109901817805949
1.0900740785430507
1.1149756744749615
1.2768411863950915
1.2162888824814755
0.5596157805160932
0.46431896450480725
0.8512185186326439
1.0291988437185768
0.8836165351312015
1.2342390997996202
0.526326285324604
0.8838574010717732
0.7224167856892325
0.29041161637359525
1.78543272236496
1.0556364240944702
1.0249767034482469
1.155502049185435
1.0408256410472292
0.5402835809700451
0.9663829034861433
1.0708607133438242
0.9586628129137046
0.6807091191794112
0.7542325207110923
0.5518017707366307
1.3739273631408642
0.758942757537657
0.9275031756203009
0.7706623483363286
0.9532500743242143
1.366574582194707
-0.45977608610437154
0.7624695767767115
0.991351001182153
-0.07205571208722918
0.20704934284397233
2.147286952880828
-0.8469783549433897
-0.628041637979878
0.4850827206083651
-0.3504792929226346
-0.4186545963326973
-0.5882583493975242
0.9977436301228124
1.1545325806478905
0.026546516274115795
0.5619360677121608
0.20035189205090917
-1.6058062629457661
-0.08145642496727663
-0.8385807408687168
-1.7800725802869295
-0.4602789192441865
-0.9512881158915788
-0.29788134719511417
0.04508414937021669
0.8730960093179461
-0.1861869854579231
1.6115653337755573
-0.5436072382394465
0.5582225268522644
-0.6651951348752501
0.5014478960681199
0.6988052237539039
-0.22268127195068932
-0.6414440232489018
1.1224209149000468
-0.027794329314049702
-0.6388855339403897
-0.8654755380512279
-0.6537663476922272
0.1506272457792944
-1.5485999771942265
0.6268924728446185
0.2019585295246938
1.5354089873072627
-0.2956364208176837
-2.296096642346923
0.8327540870293487
-0.13042072240514882
1.4185103086245625
0.9005427923442442
1.2866611484092605
0.165370888673561
0.12006735685001581
-1.6715291693028278
0.924508752665981
0.021502073168341955
-2.2658679862129474
1.0933273499851872
-0.3204209245852488
0.7302522368657194
-0.422403267567785
0.8177593436747095
0.5710440841704197
-0.9424788404671202
-0.5616245385431572
-1.046143156044926
-1.5255723788869315
0.30059078727337396
0.5697970177355212
-0.6020510595379859
-0.6892446015596153
0.7654140525215749
-0.24263509172422912
0.49710634916510943
-1.6270007047910995
0.09405341219690999
0.2502641591832785
0.8285421797462749
0.14834437161930444
-0.43757736460147983
-2.0084006436557633
0.9742722395396793
-0.7124866935476883
-0.1800104135628283
1.9640689621613572
-0.11036262709613857
1.7319961838210427
1.2991647085506217
-2.1207197791400008
1.24918276260164
0.16565235426981909
0.8570010752582219
-1.652435087465856
-0.06600000290866624
-0.35551927561799124
2.3716341427281886
-1.6507169706332756
-0.9479269752947518
0.9994891890598414
0.8631612299220764
0.7016628299140928
1.356404134654107
1.1035922857743559
1.467584995112483
0.7363118575348008
1.0373615308321975
1.2046065727928625
1.420998793229996
0.8377676240192938
1.1705449995011654
1.4895838574743252
1.1763266694295134
1.212403375177209
0.8502112109648132
1.302202971848947
0.7644041771219672
1.132359099294892
0.7425798595082944
0.9762419437291754
0.8558432633622148
0.8112880296661564
1.6390518474476277
1.2159726349618254
1.185842564619991
1.3894527069129892
1.0230759030788004
0.9580250191587747
0.683885196828808
1.4996321238263777
1.1337561663886528
1.0168030747801797
1.029171494903916
1.1694874260590542
0.42852477815153456
1.2834277855902032
0.9985918716649467
0.883133560344689
0.7566405964810619
1.1394068186192126
1.339980730605336
0.7018897648898013
1.0244331299693057
0.8510297902833166
1.3896014661551908
1.004804482972971
0.8169634473254872
0.7363402316824708
0.9912840618147511
0.3427721790144188
1.2327480509840019
2.0040221049171745
0.9891092437079596
0.971287197494368
1.3524530769100607
0.38431796639959503
1.0501272167400486
0.9771522063167883
0.8266793536661518
1.2806199363084367
0.4409734394261068
1.15006379586411
1.426047432896125
1.2381530464391106
0.7162147436263491
1.0334193306302315
0.9429567059984273
0.5121503134950351
0.7593729552503096
1.2482757161744362
1.2564901309117975
1.014919940719338
0.6078234891920877
1.2538964487641338
1.0958747337453811
1.1060346882486711
0.9923940197780022
0.9165996838951735
1.026601684043018
1.543470046455798
1.5344246748442143
0.5858356996878082
0.9750386779085771
1.1598949652081652
1.2921452404546878
1.0501458983164293
0.5249744623007173
0.725363471608132
0.6813411600111099
0.8631303255431042
0.6578898557899182
0.7700249779235144
0.5675988655598303
1.2096161537244394
0.4102224437712494
1.0051015696215535
0.44851075613219393
0.8941077902455505
0.5614930640902445
0.8499607515424507
-0.5598105298023133
1.0629538324139038
0.024662247957030266
0.06288487329630461
-0.4788025898928735
1.187070451805276
-1.4813000531399827
-0.0691476391338952
1.1016200329203292
-0.3950136011133114
0.1049965948089422
-0.8236576224430674
0.563991721274703
1.1080315650345922
0.7175428905014135
0.7163507100388704
-0.04292877342761781
-1.2854275467994258
-0.489082154350538
-0.9465028200294497
-1.4271682090328601
1.0396787157972183
-0.8313813250104466
-0.1151024538226054
0.04245610375140275
0.8802796865515767
0.15603221114538302
-0.16403914925717397
-0.40835513378424493
-0.5951972585124976
-1.5795101326177774
-0.050969509723362144
0.969530078274481
0.2811372015932792
-0.43083516307942443
1.5837562214166767
-0.821280336203019
-0.26031675163350815
-0.7401617945059659
-1.2022107330529095
-0.12211917092019177
-0.8254565833359232
1.8285906223323178
0.25288046289154065
0.40735361973763684
0.5703668214050123
-1.8785664301143752
0.21518329987532905
-0.5916665633421972
1.2795290085223707
1.2025326830853036
1.6168661948146914
1.1289907682897098
0.05238520513353891
-1.1613566622630391
-0.9614904365192336
-1.4383251184296062
-1.3391409818802493
1.4822308792317946
-0.6319836396555348
1.181974424537674
0.6901329073580507
0.9729014348031695
0.5722425457663197
-0.27730538103822877
-1.4855827034272175
-1.040462693763341
-1.4649244823592449
1.124936981405374
1.4953904961214357
-0.22175171894149112
-1.3720748083495835
1.215920768715069
-0.6995300133856854
0.08610451218885984
-0.540990381163544
1.138861312405725
-0.42224167382286976
0.6408371584109978
0.16649004276242155
-0.7178508289764761
-1.0619233960971954
0.8619332695064706
-0.7831628646471624
-0.001225438397721596
2.67516017113478
0.8252559722096985
1.3313130161357474
0.853308038246477
-2.1029523691375482
0.9519019641590563
0.2975762081454042
0.0780626153889286
-1.328702936805596
-0.048782924754906816
0.02460227931824882
1.1979555167269949
-1.133424639514634
-1.5063568607188238
2.3030861687138335
1.0515011155826632
1.3560834860670656
1.4894370186760315
1.3571756793025211
0.9953554161209488
0.9685351498581672
1.0488732084651793
1.2407414534005738
0.666500365322404
0.9561217332110157
1.0536829927201468
1.3687588799726447
0.5290965946545274
0.26809690472802117
1.1827621622635514
0.8651102142990625
1.11468442116316
1.088893025309826
0.7045987790623869
1.2919180460001507
-0.7687889501263565
-1.2348194348783788
0.2026214396500137
-0.7157098401410584
-0.37374563407699973
-0.6572422663632963
-0.6356736119165378
-1.4209835105837831
-0.12240791894558532
2.082597132142543
0.04753958717717304
0.11999978733297344
-0.1710568460464355
-2.463388142805271
-1.6708992033187522
0.3713132364350473
-0.4871501191577194
1.7659766554490484
-0.952752784959603
0.48290132957637294
0.7348264447577775
-0.8288030008772611
-1.1033964971631036
0.755068188501436
0.2811826119207029
-1.8728073491170452
1.0152057206566811
0.23559513929794
-0.2245167956684906
0.4191575719582098
0.2689306154191836
0.14254250753039815
-0.15795170920693474
0.4315539411161246
0.23422121407393054
-0.027588154467082
0.3504682871411029
-0.2725417708727802
-0.5546949728777311
-0.21414464308499437
0.10618160378736582
-0.15377759565099194
-0.501260890740312
0.2226825677024735
0.641333086924842
-0.23319622325618178
-0.39480683004620776
0.5587988669957051
0.28157177393508503
-0.11782941151290184
3.421745045698588
2.0432043211387954
4.443025137161135
2.4414263572227193
3.771941685815644
2.42365640179272
1.6301619164838168
2.999186883147685
2.9919271609384586
1.2563868907836944
3.6488347405865653
1.9673816204140553
2.0523093173411464
5.327775975570228
3.024855637612238
2.6001395157962452
4.308426561536751
2.906438808919765
1.1546254054169114
2.78094339263135
2.7017544958078767
3.1493416677695047
2.7696684917424426
5.003248776479985
1.006956089195142
3.072133108845568
2.5729165469963076
3.1361582259031304
2.751350849656223
5.305766995623035
1.0019102236214437
0.644707946696965
0.7881712438765734
1.316559594289221
1.749996922474709
0.5982495620875905
0.915770061594178
0.591382444508394
0.9525304728483943
0.8260286901869841
1.142715971667692
1.0961700981782987
0.6887644252586391
1.390274500875461
1.5261432817826908
0.4684205289116973
0.7270438154509957
1.189506054105225
1.3274928949009963
0.7122271050277023
1.353520949287175
1.9212781420389557
0.8602571935642257
-1.3297623084415233
-0.9596921756368632
0.5277102841120995
1.3624472079704428
0.288258944082852
1.598298048509318
1.1105422135165992
0.8006555216279576
-0.23388315965531914
0.15468995363929874
-1.4419614975055666
-2.2684246990477974
-0.19851061521795985
-0.38769858060013623
0.12793419207961615
0.7548914185778379
0.1056133317249783
0.5823913368847515
-0.8136596450424107
0.8238119941235864
0.14603283596172079
0.9622723660461271
1.168443076012626
-0.6618279324931268
-0.37364539131860997
0.3425667901832656
-0.12024623214765147
1.3423486139531677
1.0032070006884621
0.5873644465814627
0.28859244359525815
1.1158143505682336
0.39181146210765305
0.6184087148098463
0.9045851905247947
1.4023371583260396
0.8723268331699848
0.8101173510854267
0.7251984199505006
0.9056988564415323
1.0675898795694965
1.024322779382574
1.1201502262675116
1.3463949672850897
1.3066467352954878
1.1629472824985299
0.6235004000720801
0.43331201911461664
2.466658811093125
1.189686687581392
-0.9087184469611838
0.008029361219414593
-0.28705960958845517
1.8306937384382398
0.45727670049339875
0.9316450764073086
1.0580705070248255
0.05906328522171432
-0.2743286876697707
-0.022986200973214625
-0.7161734145305605
-2.685061970226179
-0.43924614340068796
-0.7165423831304714
0.07775561561809033
1.1540148444030904
0.04372071841283518
0.27543021250857475
-0.8446137222802887
0.23984379557455054
0.12178332365638844
-0.3365656208769925
0.7969456074052783
-1.1517059780137697
-0.40704005123943887
0.2272352690206901
0.32090446543641094
